Fish 97.92 343.46783000000005 136.32 368.458816
Fish 140.16 351.79796600000003 177.92 378.070956
Fish 193.92 180.705342 220.16 214.667466
Fish 200.32 166.607344 220.16 209.54118400000002
Fish 229.12 58.953688 288.64 87.148528
Fish 246.4 155.713778 291.2 180.705342
Fish 318.72 78.17738999999999 346.24 98.04209399999999
Fish 355.2 146.74264 372.48 167.889348
Fish 355.2 423.567648 424.96 462.01563
Fish 364.8 293.485858 401.28 308.223702
Fish 367.36 129.441366 398.72 159.55863399999998
Fish 412.8 274.261578 466.56 293.485858
Fish 455.04 217.23031799999998 547.2 245.425736
Fish 512.64 335.77811800000006 545.28 351.79796600000003
Fish 513.92 160.84063799999998 544.0 174.297056
Fish 528.64 339.622974 592.64 360.769682
Fish 551.04 255.6783 689.92 288.358998
Fish 552.32 154.432352 582.4 170.4522
Fish 642.56 200.57004600000002 675.2 219.152746
Fish 743.68 256.960304 794.88 294.76728399999996
Fish 933.76 173.01563000000002 969.6 204.414902
