Fish 247.04 225.920256 350.08 595.2
Fish 325.12 344.96025599999996 424.32 658.5600000000001
Fish 350.08 87.03974399999998 456.96 388.479744
Fish 407.04 363.519744 524.8 704.64
Fish 437.12 79.35974399999999 547.2 368.64
Fish 511.36 339.84000000000003 646.4 672.0
Fish 535.04 39.680256 657.28 355.839744
Fish 643.84 298.880256 764.16 661.119744
Fish 645.12 13.440000000000001 760.32 307.839744
Fish 768.64 292.479744 893.44 647.679744
Fish 771.84 13.440000000000001 905.6 320.00025600000004
Fish 896.64 87.03974399999998 1023.36 451.20000000000005
