Fish 496.64 282.87974399999996 564.48 304.640256
Fish 565.76 435.200256 586.24 456.96
Fish 601.6 1.280256 1022.72 110.07974399999999
Fish 628.48 418.56000000000006 650.24 439.040256
Fish 683.52 428.799744 718.08 454.400256
Fish 696.32 232.959744 765.44 255.999744
Fish 753.92 550.400256 780.8 564.48
Fish 770.56 400.640256 798.72 427.520256
Fish 782.08 253.44 839.68 290.55974399999997
Fish 825.6 245.76 896.0 271.359744
Fish 915.2 672.0 944.64 701.439744
Fish 974.08 596.480256 999.68 631.040256
Fish 989.44 396.800256 1022.72 432.63974399999995
