Fish 151.04 668.16 376.96 762.8797440000001
Fish 36.48 254.079744 49.92 275.199744
Fish 85.76 606.72 179.2 648.320256
Fish 130.56 326.4 141.44 346.239744
Fish 144.0 461.43974399999996 177.92 483.84000000000003
Fish 227.2 446.72025600000006 254.72 466.56000000000006
Fish 266.88 378.24 301.44 399.36
Fish 278.4 467.840256 290.56 487.68
Fish 280.32 415.359744 302.72 433.91999999999996
Fish 285.44 449.91974400000004 305.28 473.60025599999994
Fish 290.56 457.599744 360.96 510.72
Fish 305.28 410.24025600000004 336.64 428.15999999999997
Fish 312.96 339.84000000000003 353.92 367.359744
Fish 360.96 276.48 455.68 327.680256
Fish 393.6 414.08025599999996 409.6 445.43999999999994
Fish 409.6 232.959744 440.32 266.88
Fish 413.44 190.07999999999998 442.88 229.76025600000003
Fish 429.44 350.720256 462.72 363.519744
Fish 480.0 344.96025599999996 510.08 366.080256
Fish 481.28 314.88 491.52 341.12025600000004
Fish 481.28 166.400256 602.88 224.64
Fish 523.52 364.79999999999995 567.04 388.479744
Fish 526.08 392.96025599999996 563.2 414.08025599999996
Fish 536.32 277.760256 609.28 323.840256
Fish 581.76 224.64 663.68 277.760256
Fish 583.04 433.91999999999996 608.0 467.840256
Fish 592.0 320.00025600000004 635.52 351.99974399999996
Fish 620.16 396.800256 630.4 410.24025600000004
Fish 620.16 251.52 725.76 332.15999999999997
Fish 624.0 81.92025600000001 714.88 145.280256
Fish 645.12 362.240256 668.8 378.24
Fish 662.4 421.76025599999997 688.64 451.20000000000005
Fish 667.52 489.59999999999997 730.88 558.080256
Fish 745.6 344.96025599999996 762.88 367.359744
Fish 765.44 564.48 824.96 602.88
Fish 796.16 249.60000000000002 847.36 314.88
Fish 844.8 431.36025600000005 893.44 467.840256
Fish 853.76 628.479744 895.36 666.24
Fish 860.8 193.280256 930.56 271.359744
Fish 878.08 394.23974400000003 919.04 435.200256
Fish 1000.96 367.359744 1023.36 405.75974399999996
