Fish 0.0 752.64 62.14890200000001 780.8
Fish 0.0 810.24 64.071547 836.48
Fish 1.2813080000000001 542.72 21.784285 572.8
Fish 8.329185 723.2 106.358126 780.8
Fish 15.377061999999999 497.28 57.023669999999996 525.44
Fish 21.784285 434.56 92.26237199999998 467.84
Fish 27.550853999999998 602.24 92.26237199999998 630.4
Fish 35.880039000000004 525.44 90.34041 597.12
Fish 64.071547 495.36 126.86110300000001 521.6
Fish 65.993509 1008.0 107.639434 1023.36
Fish 88.418448 789.76 144.801464 831.36
Fish 114.68731100000001 553.6 186.447389 579.84
Fish 133.90897999999999 93.44 181.32147400000002 119.68
Fish 139.675549 847.36 183.244119 883.84
Fish 140.956857 647.68 218.48282099999997 695.04
Fish 153.130649 460.8 211.434944 528.64
Fish 164.02245 220.8 195.417228 261.12
Fish 178.11820400000002 712.32 226.812689 796.16
Fish 183.244119 581.12 221.686774 637.44
Fish 190.29199599999998 371.2 231.937921 434.56
Fish 195.417228 871.68 246.03367500000002 934.4
Fish 223.60873600000002 763.52 253.081552 784.0
Fish 226.812689 435.84 279.351098 497.28
Fish 247.955637 763.52 281.27306 792.96
Fish 262.05139099999997 994.56 354.314446 1023.36
Fish 267.17730600000004 451.84 314.5898 483.2
Fish 269.099268 170.24 345.985261 208.64
Fish 276.147145 821.12 314.5898 848.64
Fish 281.27306 499.2 347.90722300000004 525.44
Fish 281.27306 680.96 360.08101500000004 735.36
Fish 295.368814 0.0 379.302001 32.0
Fish 302.416691 549.76 379.302001 576.0
Fish 321.637677 382.08 400.44563200000005 441.6
Fish 344.06261600000005 735.36 403.64890199999996 776.96
Fish 372.254124 577.92 421.58926299999996 637.44
Fish 374.17608600000005 336.64 449.13943399999994 382.08
Fish 376.098731 532.48 433.76237199999997 592.0
Fish 402.367594 950.4 475.40898 983.68
Fish 433.76237199999997 268.16 531.7919959999999 306.56
Fish 435.685017 888.96 493.348658 924.16
Fish 438.88828700000005 614.4 501.67852600000003 673.92
Fish 447.858126 656.64 468.36110299999996 679.04
Fish 461.95388 406.4 515.773597 442.88
Fish 494.63064899999995 0.0 551.012982 35.2
Fish 552.9349440000001 845.44 619.569107 888.96
Fish 561.264812 950.4 620.851098 990.72
