Fish 363.52 581.1202559999999 488.96 707.840256
Fish 0.0 600.320256 48.64 690.560256
Fish 0.0 166.400256 55.04 288.0
Fish 0.0 678.399744 60.16 727.6800000000001
Fish 0.0 199.68 62.08 282.87974399999996
Fish 0.0 309.12 80.0 421.76025599999997
Fish 6.4 467.840256 122.88 600.320256
Fish 36.48 668.16 175.36 767.360256
Fish 43.52 104.31974399999999 217.6 219.519744
Fish 44.8 266.88 195.2 416.64
Fish 122.88 195.84 204.8 282.87974399999996
Fish 174.08 219.519744 327.68 333.44025600000003
Fish 175.36 395.52 339.84 526.08
Fish 240.64 642.560256 314.24 723.2002560000001
Fish 275.84 56.960256 392.32 203.52
Fish 282.88 666.24 393.6 747.519744
Fish 342.4 0.0 492.8 90.87974399999999
Fish 369.92 271.359744 480.0 366.080256
Fish 425.6 384.63974399999995 503.68 447.99974399999996
Fish 440.32 725.76 482.56 767.360256
Fish 448.0 440.319744 533.76 551.679744
Fish 454.4 13.440000000000001 574.72 119.03999999999999
Fish 480.0 747.519744 558.08 767.360256
Fish 518.4 442.88025600000003 574.72 503.679744
Fish 522.24 526.08 611.84 612.48
Fish 535.04 0.0 595.84 108.15974399999999
Fish 553.6 359.679744 599.04 469.76025599999997
Fish 573.44 700.8 657.28 767.360256
Fish 593.28 218.240256 719.36 338.55974399999997
Fish 599.04 314.88 707.2 445.43999999999994
Fish 599.04 21.12 736.64 145.280256
Fish 604.16 141.440256 720.64 232.959744
Fish 620.16 641.28 720.64 711.680256
Fish 643.84 649.599744 725.76 765.440256
Fish 659.84 457.599744 718.08 517.119744
Fish 705.92 198.399744 786.56 303.99974399999996
Fish 714.88 338.55974399999997 824.96 417.920256
Fish 716.8 543.36 832.64 637.4399999999999
Fish 720.64 305.28000000000003 777.6 357.12
Fish 727.04 404.480256 794.24 502.400256
Fish 728.32 709.119744 823.68 767.360256
Fish 784.0 416.64 840.96 498.56025600000004
Fish 801.28 214.400256 852.48 325.119744
Fish 805.12 68.480256 885.76 156.159744
Fish 832.64 674.559744 956.16 767.360256
Fish 855.68 490.88025600000003 938.88 631.040256
Fish 867.2 145.280256 961.28 229.76025600000003
Fish 910.72 390.39974400000006 990.08 457.599744
Fish 935.04 563.199744 1007.36 622.719744
Fish 937.6 633.5999999999999 998.4 696.96
