Fish 292.48 341.921 400.64 443.08868
Fish 233.6 178.0036 256.64 201.6948
Fish 422.4 340.64056 511.36 482.78708000000006
Fish 430.08 71.71347999999999 503.68 153.03195999999997
Fish 446.08 630.6966000000001 468.48 653.1073600000001
Fish 552.32 156.87395999999998 582.4 172.88116
Fish 621.44 222.82512000000003 647.68 245.23520000000002
Fish 800.0 144.06752 912.64 186.96804
Fish 888.32 484.06752000000006 910.08 498.1544
Fish 928.64 261.88295999999997 962.56 275.32928
Fish 933.76 279.17128 962.56 296.45959999999997
