Fish 216.00051200000001 219.000078 602.999808 491.000334
Fish 72.999936 377.99988599999995 188.000256 421.00014
Fish 259.999744 596.999964 284.000256 618.00024
Fish 529.000448 458.00000400000005 549.9996160000001 484.99994399999997
Fish 640.0 565.000062 675.00032 626.000034
Fish 714.0003839999999 122.99964600000001 837.000192 158.99980799999997
Fish 778.999808 494.000166 819.9997440000001 581.000376
Fish 883.999744 0.0 908.000256 46.000086
Fish 892.9996800000001 618.9999419999999 920.000512 679.000212
Fish 906.0003839999999 287.999844 924.000256 324.999708
Fish 979.999744 65.000232 1022.999552 160.00023600000003
