Fish 254.399488 518.4000000000001 281.6 576.0
Fish 283.200512 105.60000000000001 308.799488 144.0
Fish 313.6 579.2002560000001 388.799488 632.000256
Fish 315.200512 625.599744 390.4 680.000256
Fish 347.200512 159.999744 396.8 207.999744
Fish 368.0 526.400256 422.4 585.5999999999999
Fish 414.39948799999996 470.40000000000003 448.0 515.199744
Fish 483.2 174.399744 523.200512 216.0
Fish 523.200512 297.6 555.200512 337.599744
Fish 598.4 542.4000000000001 624.0 591.999744
Fish 752.0 684.800256 800.0 739.2
Fish 804.799488 313.599744 852.7994880000001 355.20000000000005
Fish 947.2 588.800256 996.7994880000001 643.2
