Fish 94.16304099999999 363.52 481.705686 942.08
Fish 40.995983 1011.84 58.931768 1023.36
Fish 48.042645 973.44 72.38411599999999 1023.36
Fish 124.910198 971.52 153.095488 1023.36
Fish 181.28009899999998 917.12 224.83862800000003 966.4
Fish 233.80686000000003 969.6 291.457355 985.6
Fish 267.115884 924.16 310.674413 948.48
Fish 356.154512 881.92 413.80568600000004 910.08
Fish 461.207355 883.84 559.214215 917.12
Fish 512.452843 950.4 615.5841160000001 1023.36
Fish 585.4772559999999 969.6 676.437454 1000.96
Fish 606.6158839999999 1004.8 662.985785 1023.36
Fish 622.630099 835.2 646.9715699999999 922.24
