Fish 0.0 455.00029 62.999552 503.00029499999994
Fish 0.0 606.999735 94.000128 679.000085
Fish 14.000128 423.99993 184.00051200000001 484.999865
Fish 81.999872 496.99969500000003 172.000256 574.99996
Fish 186.999808 614.99985 289.99987200000004 683.9999
Fish 209.000448 393.000255 369.000448 448.99969
Fish 236.000256 456.999805 423.00006399999995 546.9998999999999
Fish 332.99967999999996 255.000155 481.00044800000006 319.999805
Fish 362.000384 624.000065 542.999552 675.9997850000001
Fish 394.000384 407.99969999999996 513.999872 456.999805
Fish 401.99987200000004 449.99979 444.99967999999996 514.0000249999999
Fish 471.00006399999995 256.99967000000004 544.0 352.00026499999996
Fish 533.9996160000001 544.9997 615.999488 618.00015
Fish 538.0003839999999 433.00014500000003 634.999808 501.000095
Fish 657.000448 461.00020500000005 730.999808 579.999775
Fish 686.999552 405.000085 771.9997440000001 487.00006499999995
