Fish 16.34 255.83001599999997 59.743125 319.149312
Fish 66.38125000000001 315.063552 113.869375 355.91500800000006
Fish 80.168125 258.382848 125.103125 294.127872
Fish 84.76375 333.44716800000003 112.3375 362.55283199999997
Fish 93.955 467.745024 130.72 517.2764159999999
Fish 105.69937499999999 399.319296 123.060625 420.254976
Fish 124.08187500000001 200.680704 154.20875 224.680704
Fish 128.16687499999998 262.46784 179.22937499999998 303.319296
Fish 162.37875 471.319296 184.84625 504.51071999999994
Fish 174.12312500000002 266.55283199999997 206.803125 303.319296
Fish 210.888125 162.89356800000002 233.355625 191.48928
Fish 225.18562500000002 194.04288 256.844375 213.95712
Fish 231.82375 156.254976 251.738125 183.830016
Fish 231.82375 227.234304 256.844375 252.254976
Fish 285.95 145.53216 309.43874999999997 186.38284800000002
Fish 352.841875 132.254976 385.52187499999997 161.36140799999998
Fish 405.43625000000003 168.0 424.84000000000003 193.02143999999998
Fish 406.4575 137.872128 422.28687499999995 160.340736
Fish 423.81875 183.830016 488.1575 250.72358400000002
Fish 488.1575 170.55283199999997 529.0074999999999 204.765696
Fish 564.240625 202.21286399999997 594.3675000000001 224.680704
Fish 581.6018750000001 232.340736 603.55875 252.254976
Fish 631.1324999999999 252.254976 662.79125 284.93644800000004
Fish 641.855625 409.53216 698.535 427.91500800000006
Fish 643.3874999999999 199.659264 671.9825 230.80857600000002
Fish 652.57875 443.745024 671.9825 497.87212800000003
Fish 655.131875 229.78713600000003 680.1525 252.254976
Fish 683.7268750000001 383.48928 707.7262499999999 391.149312
Fish 699.55625 392.680704 726.10875 415.149312
