Duck 0.0 711.50625 86.4 818.360361
Duck 52.48 534.269736 142.72 570.740625
Duck 103.04 680.79375 255.36 797.2449030000001
Duck 120.32 445.33124999999995 163.84 466.445889
Duck 215.68 458.12812499999995 270.72 503.55723599999993
Duck 270.72 422.93651400000005 329.6 462.607236
Duck 298.88 380.70723599999997 353.92 408.86036099999995
Duck 301.44 540.028125 378.88 583.5375
Duck 376.32 379.42713900000007 432.64 405.02088900000007
Duck 504.32 609.13125 618.24 658.399014
Duck 676.48 321.841611 734.08 364.0708890000001
Duck 787.84 604.0125 930.56 681.4333889999999
Duck 852.48 346.795722 880.64 380.70723599999997
Duck 968.96 618.729111 1023.36 718.5447360000001
