Duck 0.0 222.798936 61.44 318.83289
Duck 67.84 241.365288 145.28 339.960048
Duck 168.96 256.09077 241.28 351.48469200000005
Duck 196.48 142.770528 275.2 191.427876
Duck 277.76 290.022636 430.08 389.898138
Duck 366.08 222.798936 488.96 314.99134200000003
Duck 449.92 267.614736 616.32 371.97181800000004
Duck 492.8 190.147134 542.72 272.736348
Duck 510.08 201.6711 616.32 267.614736
Duck 591.36 271.456284 743.68 352.76475600000003
Duck 624.0 110.11872600000001 687.36 185.025522
Duck 723.84 187.586328 838.4 252.88925399999997
Duck 974.72 233.68287 1023.36 283.620282
