Duck 99.310249 769.92 337.014739 881.92
Duck 132.627672 707.2 351.110493 771.84
Duck 148.004734 507.52 374.8174230000001 695.68
Duck 253.081552 182.4 337.014739 225.92
Duck 312.66783799999996 458.88 498.474573 616.32
Duck 330.60819899999996 406.4 451.06207900000004 504.32
Duck 372.254124 201.6 447.858126 259.2
Duck 400.44563200000005 322.56 533.713958 464.0
Duck 456.18731099999997 238.72 573.4379210000001 329.6
Duck 481.175549 182.4 587.533675 294.4
Duck 486.301464 334.72 594.5815520000001 415.36
