Duck 112.64 279.778734 233.6 352.124724
Duck 20.48 187.586328 72.96 237.524418
Duck 42.88 201.6711 106.24 256.09077
Duck 48.64 246.487578 95.36 283.620282
Duck 91.52 179.90391 125.44 212.55503400000003
Duck 102.4 384.13581600000003 328.96 498.7368
Duck 108.8 200.39103599999999 146.56 251.60919
Duck 145.28 220.23812999999998 192.64 259.932318
Duck 188.8 240.08522399999998 289.92 306.668892
Duck 191.36 204.872616 217.6 237.524418
Duck 211.2 234.962934 314.88 283.620282
Duck 321.28 301.546602 351.36 338.679984
Duck 321.28 233.68287 353.92 265.05393
Duck 332.8 261.212382 371.2 308.588988
Duck 368.64 233.68287 424.96 271.456284
Duck 389.76 268.895478 440.32 305.38815
Duck 398.72 320.113632 456.32 406.543716
Duck 424.96 262.493124 486.4 312.430536
Duck 473.6 242.64603 529.92 302.827344
Duck 588.8 265.05393 625.92 323.95450200000005
Duck 618.88 334.838436 671.36 375.172656
Duck 696.32 311.150472 752.64 350.20395
