Duck 208.0 501.037872 298.88 640.7127380000001
Duck 0.0 458.109956 110.08 519.618204
Duck 35.2 384.42791600000004 96.64 429.27779400000003
Duck 92.8 329.326208 137.6 362.00297699999993
Duck 102.4 422.22991699999994 255.36 488.2234260000001
Duck 116.48 353.03313799999995 199.04 404.289556
Duck 241.28 300.49404599999997 293.76 344.70327
Duck 246.4 442.09224 391.04 503.600488
Duck 296.32 383.146608 373.76 435.685017
Duck 318.72 301.77603700000003 385.28 331.889507
Duck 330.24 272.943875 366.08 294.72815999999995
Duck 368.64 356.877062 462.72 393.3977550000001
Duck 377.6 272.943875 398.72 288.320937
Duck 403.84 301.77603700000003 453.76 329.326208
Duck 437.76 329.326208 464.0 355.59575400000006
Duck 456.32 459.391264 536.32 529.869351
Duck 468.48 409.415471 547.2 467.079795
Duck 502.4 368.4102 587.52 411.9780870000001
Duck 526.08 312.027184 597.76 335.733431
Duck 571.52 343.421962 693.76 374.8174230000001
Duck 577.28 289.602245 621.44 319.715715
Duck 664.96 293.446852 712.32 314.5898
Duck 675.2 326.76359199999996 713.6 353.03313799999995
Duck 679.68 393.3977550000001 748.8 443.373548
Duck 755.2 397.24167900000003 813.44 442.09224
Duck 759.68 305.619961 789.76 320.997023
Duck 767.36 278.06910700000003 797.44 299.212738
Duck 823.68 309.464568 855.04 329.326208
Duck 868.48 330.60819899999996 922.24 369.691508
