Parrot 72.32 402.56025600000004 237.44 597.12
Parrot 154.24 222.71999999999997 434.56 701.439744
Parrot 253.44 246.399744 343.04 378.87974399999996
Parrot 458.24 238.719744 676.48 682.880256
Parrot 475.52 152.319744 604.16 369.279744
Parrot 562.56 214.400256 692.48 492.159744
Parrot 577.28 75.519744 696.32 231.680256
Parrot 695.04 232.959744 805.12 500.480256
Parrot 709.76 0.0 848.64 218.88
Parrot 724.48 120.96000000000001 880.0 346.880256
Parrot 798.08 467.199744 941.44 758.4000000000001
Parrot 874.88 127.35974399999998 971.52 351.99974399999996
Parrot 888.32 307.20000000000005 1007.36 449.91974400000004
