Parrot 0.0 466.43914100000006 126.72 681.718692
Parrot 30.08 121.73518799999998 156.8 450.421425
Parrot 88.96 0.0 209.28 146.723426
Parrot 179.2 145.442118 301.44 499.115227
Parrot 229.12 0.0 335.36 205.028404
Parrot 272.64 484.3788190000001 666.24 650.323914
Parrot 321.28 149.926696 453.76 396.60102500000005
Parrot 346.24 0.0 436.48 186.447389
Parrot 410.24 501.67852600000003 549.12 675.311469
Parrot 439.04 2.5626160000000002 551.68 206.309712
Parrot 490.24 139.034895 602.88 444.01420199999995
Parrot 515.2 486.942118 771.2 682.3593460000001
Parrot 536.32 396.60102500000005 792.32 514.492289
Parrot 571.52 0.0 681.6 155.05261099999998
Parrot 612.48 135.190288 734.08 480.534895
Parrot 710.4 0.0 807.68 195.417228
Parrot 771.2 161.459834 910.08 486.942118
Parrot 807.68 331.889507 924.8 622.7730600000001
Parrot 811.52 0.0 906.24 177.47755
Parrot 819.84 508.08506600000004 1012.48 634.3055149999999
Parrot 892.8 0.0 1000.96 174.27359700000002
Parrot 938.88 146.723426 1023.36 556.7795510000001
