Parrot 87.680256 117.76 103.68 144.0
Parrot 100.47974400000001 269.44 124.80000000000001 334.72
Parrot 110.720256 110.72 128.000256 156.16
Parrot 142.07999999999998 112.0 163.2 154.24
Parrot 184.32 110.72 201.60000000000002 159.36
Parrot 205.44 110.72 218.88 145.28
Parrot 209.28000000000003 840.96 254.720256 910.72
Parrot 231.680256 112.0 247.040256 145.28
Parrot 255.999744 292.48 280.32 309.76
Parrot 257.919744 299.52 292.479744 332.8
Parrot 259.20000000000005 119.04 285.44025600000003 144.0
Parrot 287.36025600000005 294.4 311.679744 330.88
Parrot 308.480256 416.64 346.880256 465.92
Parrot 311.679744 112.0 334.719744 147.2
Parrot 323.840256 256.0 355.839744 328.96
Parrot 359.04 483.2 383.36025600000005 525.44
Parrot 360.96 313.6 404.480256 348.16
Parrot 380.15999999999997 486.4 399.36 516.48
Parrot 388.479744 124.16 418.56000000000006 153.6
Parrot 408.320256 315.52 435.84000000000003 346.88
Parrot 472.32 122.24 491.52 155.52
