Parrot 0.0 277.333248 117.960704 425.412096
Parrot 12.54912 352.6272 80.313344 538.3526400000001
Parrot 128.0 306.196224 238.431232 391.52947200000006
Parrot 144.313344 363.92140800000004 227.13753599999998 523.2944640000001
Parrot 159.372288 538.3526400000001 239.686656 642.5095680000001
Parrot 245.960704 342.587904 309.960704 468.07833600000004
Parrot 289.882112 259.76448 469.332992 328.78464
Parrot 361.411584 371.45088000000004 547.1375360000001 596.078592
Parrot 416.62771200000003 154.35264 624.941056 257.254656
Parrot 422.90175999999997 490.66675200000003 608.627712 666.352896
Parrot 435.45088 366.431232 506.980352 474.35289600000004
Parrot 490.667008 358.90175999999997 549.6473599999999 434.19571200000007
Parrot 501.960704 515.764992 545.882112 570.980352
Parrot 621.176832 500.706048 695.216128 658.823424
Parrot 681.411584 145.56825600000002 912.3133439999999 429.176832
Parrot 755.45088 548.391936 897.2544 711.529728
