Shark 0.0 501.00019199999997 145.000448 587.000064
Shark 0.0 220.99968 300.99967999999996 333.00019199999997
Shark 26.000384 348.99993600000005 307.00032000000004 498.00038399999994
Shark 53.000192000000006 62.999807999999994 181.000192 120.99993599999999
Shark 241.000448 82.000128 419.999744 187.00032000000002
Shark 252.99967999999998 45.000192000000006 359.000064 93.000192
Shark 309.00019199999997 381.00019199999997 723.9997440000001 673.9998720000001
Shark 369.000448 186.000384 887.0000640000001 410.99980800000003
Shark 492.000256 60.999936 588.99968 132.999936
Shark 750.999552 46.000128000000004 1022.999552 194.99980800000003
Shark 844.9996800000001 196.99968 1022.999552 325.999872
Shark 880.0 421.99987200000004 1022.999552 532.99968
