Jellyfish 240.64 403.20000000000005 265.6 436.479744
Jellyfish 256.0 494.72025600000006 282.88 507.519744
Jellyfish 263.04 257.919744 284.16 277.760256
Jellyfish 300.16 431.36025600000005 327.68 464.00025600000004
Jellyfish 304.0 512.000256 323.84 536.960256
Jellyfish 305.28 199.68 334.08 227.199744
Jellyfish 312.96 251.52 336.64 276.48
Jellyfish 318.08 558.080256 336.64 575.360256
Jellyfish 326.4 446.72025600000006 353.92 478.719744
Jellyfish 330.24 316.160256 360.96 344.96025599999996
Jellyfish 342.4 481.280256 363.52 499.839744
Jellyfish 347.52 574.08 366.08 588.800256
Jellyfish 347.52 590.079744 371.2 609.920256
Jellyfish 360.96 302.720256 384.64 323.840256
Jellyfish 379.52 574.08 404.48 597.759744
Jellyfish 380.8 380.799744 399.36 395.52
Jellyfish 382.08 517.119744 401.92 543.36
Jellyfish 384.64 605.439744 405.76 625.280256
Jellyfish 393.6 494.72025600000006 421.76 517.119744
Jellyfish 403.2 404.480256 429.44 436.479744
Jellyfish 417.28 231.680256 445.44 252.800256
Jellyfish 429.44 512.000256 444.16 527.360256
Jellyfish 429.44 320.00025600000004 446.72 336.0
Jellyfish 437.12 362.240256 461.44 387.200256
Jellyfish 445.44 263.04 474.24 281.600256
Jellyfish 448.0 378.24 476.8 401.91974400000004
Jellyfish 456.96 154.880256 483.84 177.279744
Jellyfish 461.44 504.96 490.24 527.360256
Jellyfish 471.68 494.72025600000006 502.4 520.959744
Jellyfish 475.52 431.36025600000005 495.36 452.480256
Jellyfish 475.52 637.4399999999999 495.36 653.439744
Jellyfish 476.8 461.43974399999996 503.68 483.84000000000003
Jellyfish 483.84 346.239744 508.8 367.359744
Jellyfish 483.84 373.119744 515.2 408.320256
Jellyfish 503.68 162.56025599999998 532.48 187.520256
Jellyfish 506.24 223.359744 527.36 251.52
Jellyfish 508.8 467.840256 524.8 490.88025600000003
Jellyfish 513.92 192.0 533.76 208.640256
Jellyfish 513.92 554.240256 533.76 572.7997439999999
Jellyfish 515.2 305.28000000000003 531.2 330.87974399999996
Jellyfish 522.24 440.319744 554.24 494.079744
Jellyfish 527.36 570.24 547.2 586.880256
Jellyfish 531.2 370.56 561.92 395.52
Jellyfish 535.04 265.599744 553.6 297.6
Jellyfish 547.2 321.279744 561.92 344.96025599999996
Jellyfish 549.76 551.679744 577.92 576.639744
Jellyfish 551.04 269.439744 574.72 298.880256
Jellyfish 565.76 456.320256 597.76 487.68
Jellyfish 570.88 343.68 593.28 371.840256
Jellyfish 572.16 300.159744 593.28 334.719744
Jellyfish 573.44 137.600256 602.88 168.96
Jellyfish 573.44 408.320256 604.16 424.32
Jellyfish 574.72 590.079744 601.6 612.48
Jellyfish 584.32 187.520256 614.4 218.240256
Jellyfish 593.28 440.319744 620.16 466.56000000000006
Jellyfish 599.04 539.52 614.4 552.96
Jellyfish 606.72 407.04 629.12 425.60025599999994
Jellyfish 610.56 518.4000000000001 630.4 544.640256
Jellyfish 615.68 658.5600000000001 651.52 694.400256
Jellyfish 620.16 574.08 646.4 595.2
Jellyfish 637.44 326.4 659.84 354.560256
Jellyfish 666.24 218.240256 720.64 266.88
Jellyfish 668.8 333.44025600000003 696.96 357.12
Jellyfish 753.28 336.0 784.0 373.119744
