Jellyfish 293.76 0.0 377.6 29.472815999999998
Jellyfish 328.96 54.460371 451.84 175.555588
Jellyfish 369.92 178.11820400000002 498.56 274.225183
Jellyfish 408.96 618.2877990000001 510.08 682.3593460000001
Jellyfish 461.44 493.348658 587.52 565.74939
Jellyfish 606.08 238.345144 734.72 370.9728160000001
Jellyfish 636.16 356.877062 739.84 424.79253300000005
Jellyfish 742.4 256.926159 852.48 344.70327
Jellyfish 813.44 523.462128 965.12 625.9763300000001
Jellyfish 917.12 325.482284 1023.36 463.235188
