Jellyfish 487.04 101.87354799999999 617.6 225.530698
Jellyfish 70.4 209.512982 168.96 279.351098
Jellyfish 255.36 385.709224 360.32 469.64241100000004
Jellyfish 436.48 549.731674 511.36 639.43143
Jellyfish 490.24 485.660127 571.52 584.971059
Jellyfish 538.88 0.0 606.08 48.05314799999999
Jellyfish 551.04 573.4379210000001 673.92 682.3593460000001
Jellyfish 653.44 58.304978 713.6 126.86110300000001
Jellyfish 717.44 73.041386 772.48 135.830942
Jellyfish 802.56 318.434407 881.28 414.541386
Jellyfish 817.28 74.32269400000001 897.28 149.28604199999998
Jellyfish 828.8 511.92967300000004 914.56 593.300244
Jellyfish 928.64 194.13592 1023.36 283.195022
Jellyfish 932.48 294.72815999999995 1002.24 368.4102
Jellyfish 933.76 65.352855 1003.52 146.723426
Jellyfish 943.36 419.66730100000007 1023.36 506.163104
