Jellyfish 737.28 277.760256 930.56 435.84000000000003
Jellyfish 0.0 37.119744 320.0 433.91999999999996
Jellyfish 188.8 0.0 480.0 284.15999999999997
Jellyfish 196.48 591.36 305.28 732.800256
Jellyfish 277.12 391.68 350.08 487.68
Jellyfish 350.08 415.359744 556.16 621.440256
Jellyfish 482.56 535.6800000000001 646.4 718.08
Jellyfish 620.16 224.64 768.0 526.08
Jellyfish 637.44 0.0 725.76 90.87974399999999
Jellyfish 646.4 124.160256 729.6 251.52
Jellyfish 823.68 94.08 924.16 235.52025600000002
Jellyfish 831.36 597.759744 917.76 693.12
