Jellyfish 912.64 374.774049 1009.28 482.40201299999995
Jellyfish 0.0 196.676205 67.84 297.897321
Jellyfish 88.96 261.380739 141.44 308.147733
Jellyfish 197.76 518.277774 307.84 627.8268390000001
Jellyfish 287.36 141.581262 387.84 274.193754
Jellyfish 298.88 291.491154 405.12 392.71227
Jellyfish 304.0 397.83747600000004 407.68 508.02736200000004
Jellyfish 314.88 496.49598899999995 451.2 638.0772509999999
Jellyfish 384.0 6.406166999999999 540.16 108.90892500000001
Jellyfish 554.88 169.129074 657.28 247.927584
Jellyfish 602.24 308.147733 718.72 381.82103700000005
Jellyfish 627.2 489.449001 687.36 619.49889
Jellyfish 713.6 0.0 793.6 71.751522
Jellyfish 737.28 509.308323 777.6 554.153535
Jellyfish 773.76 342.742533 824.96 392.71227
Jellyfish 809.6 367.72706100000005 893.44 429.22885199999996
Jellyfish 810.88 219.09881099999998 849.92 246.645942
Jellyfish 827.52 60.220149 897.28 140.30030100000002
Jellyfish 972.16 94.17412800000001 1023.36 170.410035
Jellyfish 991.36 458.05762500000003 1023.36 525.3247620000001
